L1 = 640*1e-3;
L2 = 250*1e-3;
L3 = 630*1e-3;
L4 = 196*1e-3;
L5 = 805*1e-3;
L6 = 100*1e-3;
kDG= 227/1200; % ration of the differential gear (empiric value)
